1
0.0980621
0.0631101
0.0356073
0.99887245 0.00684316 -0.04697876
-0.00883921 0.99906107 -0.04241286
0.04664441 0.04278029 0.99799506
0.03422630
2
 0.117872
0.0524786
0.0346624
0.99846896 0.01006887 -0.05439078
-0.01218344 0.99917711 -0.03868676
0.05395649 0.03929020 0.99777000
0.02805884
3
 0.124868
0.0641544
0.0328091
0.99830588 0.00945130 -0.05741120
-0.01205274 0.99890812 -0.04513647
0.05692191 0.04575197 0.99732976
0.02969285
4
 0.126544
0.0774309
0.0317306
0.99823616 0.01178291 -0.05818709
-0.01489599 0.99846420 -0.05336066
0.05746898 0.05413330 0.99687858
0.04329771
5
 0.127555
0.0778998
0.0313512
0.99825379 0.01063533 -0.05810559
-0.01359952 0.99861325 -0.05085892
0.05748411 0.05156031 0.99701410
0.02938167
6
 0.128998
0.0634997
0.0327767
0.99814788 0.01351879 -0.05931312
-0.01553648 0.99931159 -0.03368931
0.05881685 0.03454843 0.99767078
0.03485132
7
 0.124675
0.0657438
0.0319319
0.99856212 0.00854988 -0.05292060
-0.01073014 0.99909936 -0.04105276
0.05252194 0.04156158 0.99775452
0.03889521
8
 0.126821
0.0582367
0.0322104
0.99822482 0.01214973 -0.05830597
-0.01400169 0.99940693 -0.03146014
0.05788916 0.03222068 0.99780292
0.03620776
9
 0.125885
0.0587492
0.0319464
0.99832434 0.01270173 -0.05645518
-0.01479458 0.99921280 -0.03680897
0.05594320 0.03758252 0.99772637
0.02864728
10
 0.124854
0.0574959
0.0322209
0.99841986 0.01371399 -0.05449503
-0.01572049 0.99920768 -0.03656345
0.05395042 0.03736236 0.99784438
0.03369701
11
 0.125592
0.0528232
0.0324083
0.99824650 0.01490756 -0.05728600
-0.01663364 0.99941827 -0.02977306
0.05680883 0.03067373 0.99791376
0.03907620
12
 0.126521
0.0565942
0.0318274
0.99816704 0.01499439 -0.05863215
-0.01752094 0.99892926 -0.04281760
0.05792734 0.04376641 0.99736098
0.03022347
13
 0.124221
0.0508608
0.0319224
0.99852594 0.01315888 -0.05265739
-0.01465939 0.99949447 -0.02821173
0.05225954 0.02894207 0.99821405
0.04120399
14
 0.123036
0.0520312
0.0317447
0.99857027 0.01276857 -0.05190736
-0.01463682 0.99925276 -0.03577271
0.05141180 0.03648133 0.99801099
0.03316303
15
 0.125277
0.0453888
0.0324414
0.99813204 0.01226807 -0.05984919
-0.01346858 0.99971527 -0.01969692
0.05959051 0.02046621 0.99801308
0.05689319
16
 0.125027
0.0427967
0.0327234
0.99828123 0.01139022 -0.05748786
-0.01258227 0.99971238 -0.02041656
0.05723878 0.02110480 0.99813742
0.05007400
17
 0.126148
0.0406974
0.0327422
0.99810025 0.01250789 -0.06032776
-0.01382783 0.99967296 -0.02151184
0.06003897 0.02230517 0.99794679
0.04468667
18
 0.127577
0.0344619
0.0329993
0.99787478 0.01499443 -0.06341207
-0.01555015 0.99984481 -0.00827918
0.06327809 0.00924765 0.99795309
0.07754721
19
 0.127916
0.0311534
0.0330597
0.99797266 0.01589620 -0.06162689
-0.01649980 0.99982064 -0.00929791
0.06146803 0.01029589 0.99805595
0.07133632
20
 0.128054
0.0264175
0.0335624
0.99812363 0.01298302 -0.05983856
-0.01320973 0.99990699 -0.00339459
0.05978892 0.00417867 0.99820230
0.08068623
21
0.128971
0.024851
0.033751
0.99800039 0.01289891 -0.06187761
-0.01358685 0.99985034 -0.01070988
0.06173020 0.01152919 0.99802628
0.05914525
22
  0.12948
0.0210942
0.0341633
0.99795933 0.01636472 -0.06172004
-0.01674602 0.99984372 -0.00566569
0.06161767 0.00668770 0.99807742
0.07282032
23
 0.129687
0.0225566
0.0340816
0.99804109 0.01574557 -0.06054801
-0.01714491 0.99959617 -0.02266152
0.06016674 0.02365522 0.99790801
0.03556252
24
 0.129788
0.0231744
0.0340169
0.99808289 0.01492731 -0.06006431
-0.01663864 0.99946683 -0.02809298
0.05961294 0.02903851 0.99779911
0.03209861
25
 0.129379
0.0264708
0.0340246
0.99824589 0.01539873 -0.05716659
-0.01787309 0.99891401 -0.04302738
0.05644194 0.04397365 0.99743703
0.04721572
26
 0.129243
0.0259819
0.0340284
0.99829693 0.01111445 -0.05726880
-0.01308894 0.99932866 -0.03421867
0.05685004 0.03490998 0.99777220
0.03600677
27
 0.129439
0.0247805
0.0340886
0.99826556 0.00984141 -0.05804321
-0.01134167 0.99960857 -0.02557468
0.05776880 0.02618863 0.99798643
0.02750361
28
 0.130055
 0.022326
0.0341286
0.99810969 0.00989595 -0.06065566
-0.01078748 0.99983829 -0.01438836
0.06050347 0.01501548 0.99805504
0.04412201
29
 0.130895
0.0219493
0.0342707
0.99789389 0.01240423 -0.06367047
-0.01368087 0.99971323 -0.01965416
0.06340842 0.02048383 0.99777742
0.04268722
30
 0.129793
0.0259632
0.0343076
0.99836839 0.01666654 -0.05461479
-0.01914465 0.99879586 -0.04516989
0.05379620 0.04614178 0.99748529
0.06482236
31
 0.129702
0.0259271
0.0343052
0.99828401 0.01594051 -0.05634654
-0.01806221 0.99913907 -0.03734794
0.05570268 0.03830160 0.99771248
0.03557311
32
 0.129573
0.0258087
0.0342412
0.99828877 0.01526254 -0.05644978
-0.01710623 0.99933107 -0.03232307
0.05591868 0.03323340 0.99788208
0.02998458
33
0.129319
  0.0254
0.034136
0.99825109 0.01889909 -0.05601421
-0.02051567 0.99938532 -0.02842696
0.05544253 0.02952641 0.99802521
0.03233607
34
 0.129968
0.0260747
0.0341092
0.99801276 0.01514730 -0.06116452
-0.01718404 0.99931052 -0.03291180
0.06062382 0.03389745 0.99758494
0.02571917
35
 0.130218
0.0281878
0.0340837
0.99804302 0.01278132 -0.06121081
-0.01553266 0.99888033 -0.04468573
0.06057113 0.04554905 0.99712408
0.04972775
36
 0.130194
0.0259466
0.0341328
0.99821797 0.01043140 -0.05875433
-0.01181037 0.99966173 -0.02317196
0.05849274 0.02382458 0.99800350
0.03706742
37
  0.13012
0.0261519
0.0340407
0.99829117 0.01059035 -0.05746806
-0.01218827 0.99954677 -0.02752647
0.05715050 0.02817987 0.99796779
0.02714015
38
 0.130226
0.0276303
0.0339392
0.99818586 0.01324345 -0.05873330
-0.01554960 0.99911887 -0.03898326
0.05816527 0.03982582 0.99751226
0.03607730
39
 0.130198
0.0286947
0.0337563
0.99820499 0.01461910 -0.05807830
-0.01709746 0.99895409 -0.04240763
0.05739759 0.04332450 0.99741090
0.04299431
40
 0.129689
0.0263941
0.0339484
0.99846092 0.01293188 -0.05393106
-0.01403781 0.99969785 -0.02017804
0.05365382 0.02090406 0.99834077
0.03848441
41
 0.129923
0.0282563
0.0338801
0.99822118 0.01303631 -0.05817676
-0.01531217 0.99912784 -0.03884704
0.05761960 0.03966875 0.99755019
0.03554899
42
 0.129851
0.0301026
0.0336904
0.99831246 0.01115630 -0.05698929
-0.01395285 0.99870564 -0.04891183
0.05636985 0.04962445 0.99717594
0.05534753
43
 0.129024
0.0302659
0.0336034
0.99863011 0.01119513 -0.05111339
-0.01331633 0.99905599 -0.04134984
0.05060222 0.04197384 0.99783647
0.04433236
44
  0.12934
0.0287663
0.0336271
0.99832069 0.01234118 -0.05659945
-0.01374461 0.99960598 -0.02447398
0.05627511 0.02521082 0.99809695
0.03612479
45
 0.129409
0.0295148
  0.03361
0.99824509 0.01246224 -0.05789150
-0.01441410 0.99933740 -0.03342156
0.05743663 0.03419737 0.99776329
0.03278140
46
 0.129457
0.0281303
 0.033671
0.99820385 0.01276820 -0.05853250
-0.01398871 0.99969220 -0.02048974
0.05825287 0.02127173 0.99807521
0.03839018
47
 0.129192
0.0283279
0.0335577
0.99834739 0.01158915 -0.05628657
-0.01312863 0.99954764 -0.02705836
0.05594752 0.02775261 0.99804793
0.03216205
48
 0.129191
0.0283018
0.0335505
0.99822391 0.01507606 -0.05763458
-0.01673903 0.99945418 -0.02848056
0.05717375 0.02939473 0.99793142
0.03101392
49
 0.128389
 0.027009
0.0335726
0.99857989 0.01578322 -0.05088308
-0.01674340 0.99968866 -0.01849954
0.05057526 0.01932522 0.99853326
0.05117802
50
 0.127885
0.0267407
0.0335547
0.99868256 0.01290966 -0.04966373
-0.01401546 0.99966012 -0.02198223
0.04936307 0.02264933 0.99852406
0.04164895
51
 0.128116
0.0267313
0.0334455
0.99841435 0.00975280 -0.05544061
-0.01121126 0.99959760 -0.02605677
0.05516417 0.02663701 0.99812193
0.02915278
52
 0.128036
0.0262718
0.0333813
0.99836137 0.01266411 -0.05580492
-0.01397931 0.99963215 -0.02324092
0.05549006 0.02398295 0.99817116
0.03191637
53
 0.127892
 0.025858
0.0334295
0.99834239 0.01475585 -0.05563027
-0.01601739 0.99962301 -0.02229985
0.05528025 0.02315394 0.99820238
0.03057117
54
 0.127577
0.0283514
0.0333223
0.99852839 0.00959033 -0.05337672
-0.01225760 0.99868050 -0.04986993
0.05282802 0.05045081 0.99732839
0.06766194
55
 0.127684
0.0279767
0.0333012
0.99835161 0.01085086 -0.05635882
-0.01290813 0.99925872 -0.03626830
0.05592350 0.03693600 0.99775162
0.03571554
56
 0.127829
0.0286039
0.0332699
0.99815463 0.01544669 -0.05872599
-0.01782027 0.99903629 -0.04011138
0.05804981 0.04108387 0.99746796
0.03857704
57
 0.128098
0.0281973
0.0333588
0.99806146 0.01308369 -0.06084522
-0.01502066 0.99939130 -0.03148661
0.06039623 0.03233951 0.99765047
0.03275858
58
 0.128709
 0.027136
0.0334577
0.99773402 0.01446630 -0.06570801
-0.01579162 0.99968131 -0.01969547
0.06540215 0.02068848 0.99764450
0.04271301
59
 0.128907
0.0279328
0.0333696
0.99793990 0.01013195 -0.06335064
-0.01227324 0.99936324 -0.03350341
0.06297085 0.03421191 0.99742880
0.03297220
60
 0.129072
0.0265952
0.0334866
0.99801757 0.01226254 -0.06172968
-0.01337724 0.99975426 -0.01767691
0.06149774 0.01846764 0.99793636
0.04938671
61
  0.12927
 0.025759
0.0336076
0.99798696 0.01361029 -0.06194184
-0.01456055 0.99978273 -0.01491574
0.06172538 0.01578762 0.99796830
0.06358307
62
 0.128747
0.0239914
0.0336752
0.99835519 0.01785124 -0.05448169
-0.01800891 0.99983493 -0.00240453
0.05442977 0.00338174 0.99851187
0.07974460
63
 0.129572
0.0227565
0.0338004
0.99778320 0.01418185 -0.06501968
-0.01433516 0.99989546 -0.00189190
0.06498605 0.00281977 0.99788219
0.08325904
64
 0.129768
0.0236668
 0.033631
0.99784790 0.01519012 -0.06378744
-0.01689558 0.99951175 -0.02628291
0.06335705 0.02730408 0.99761735
0.03337429
65
 0.129745
0.0230389
0.0336819
0.99797562 0.01687880 -0.06131697
-0.01814382 0.99963267 -0.02013290
0.06095462 0.02120467 0.99791527
0.03396319
66
 0.129483
0.0224087
 0.033705
0.99831999 0.01388203 -0.05625381
-0.01486287 0.99974408 -0.01705514
0.05600266 0.01786258 0.99827082
0.04511248
67
 0.129657
0.0216127
0.0338169
0.99813105 0.01526693 -0.05917195
-0.01608293 0.99978169 -0.01333859
0.05895539 0.01426532 0.99815869
0.05303730
68
  0.12963
0.0234856
0.0336736
0.99825248 0.01186783 -0.05788901
-0.01439074 0.99895579 -0.04336158
0.05731396 0.04411887 0.99738089
0.05808809
69
 0.129673
0.0232604
0.0337021
0.99814582 0.01568698 -0.05881195
-0.01766915 0.99928799 -0.03333632
0.05824713 0.03431367 0.99771231
0.02880631
70
 0.129426
0.0230746
0.0336643
0.99837010 0.01212807 -0.05576791
-0.01371439 0.99950960 -0.02815077
0.05539915 0.02886971 0.99804683
0.02986597
71
 0.129295
0.0222861
0.0337189
0.99835536 0.01395829 -0.05560348
-0.01499480 0.99972069 -0.01826766
0.05533296 0.01907138 0.99828580
0.04070587
72
 0.129162
0.0218925
0.0336545
0.99843271 0.01211260 -0.05463891
-0.01309477 0.99975841 -0.01765362
0.05441188 0.01834143 0.99835011
0.03584598
73
 0.129045
0.0217616
0.0336756
0.99840637 0.01325059 -0.05485567
-0.01442577 0.99967365 -0.02108299
0.05455841 0.02184073 0.99827169
0.03573269
74
 0.128682
0.0219293
0.0336105
0.99864473 0.01002695 -0.05107016
-0.01139947 0.99957968 -0.02665538
0.05078142 0.02720143 0.99833929
0.03370920
75
 0.128818
0.0221899
0.0336321
0.99830075 0.01472084 -0.05638182
-0.01647759 0.99938909 -0.03082103
0.05589367 0.03169769 0.99793344
0.02710178
76
 0.128164
0.0214194
 0.033632
0.99871026 0.01517624 -0.04845091
-0.01610505 0.99969284 -0.01883760
0.04815014 0.01959361 0.99864791
0.04514757
77
 0.127891
0.0212351
0.0336892
0.99869704 0.01386605 -0.04911166
-0.01491218 0.99966828 -0.02099904
0.04880420 0.02170405 0.99857252
0.05006050
78
 0.128481
0.0224579
0.0336757
0.99807028 0.01037412 -0.06122165
-0.01292429 0.99905878 -0.04140680
0.06073447 0.04211814 0.99726495
0.04956251
79
 0.128568
0.0221759
0.0337013
0.99806252 0.01387084 -0.06065324
-0.01576533 0.99939911 -0.03086857
0.06018862 0.03176498 0.99768147
0.02866519
80
 0.128891
0.0218271
0.0337588
0.99784267 0.01540618 -0.06381735
-0.01698685 0.99956037 -0.02430055
0.06341492 0.02533218 0.99766569
0.02984312
81
 0.128607
0.0216806
0.0337693
0.99821583 0.01651537 -0.05737949
-0.01791484 0.99955235 -0.02396164
0.05695807 0.02494683 0.99806484
0.03028169
82
 0.128779
0.0211397
0.0337487
0.99812792 0.01469957 -0.05936817
-0.01580585 0.99970928 -0.01820777
0.05908326 0.01911205 0.99807009
0.03908436
83
 0.128759
0.0221358
0.0336642
0.99816948 0.01527040 -0.05851933
-0.01749709 0.99913482 -0.03772894
0.05789256 0.03868380 0.99757306
0.03604254
84
 0.128909
0.0221742
0.0336409
0.99808438 0.01471055 -0.06009308
-0.01674215 0.99930032 -0.03344513
0.05955903 0.03438715 0.99763232
0.02890204
85
 0.128719
 0.022124
0.0336162
0.99832337 0.01451288 -0.05603410
-0.01621037 0.99941967 -0.02995899
0.05556679 0.03081709 0.99797928
0.03146109
86
 0.129412
0.0210898
0.0337188
0.99743480 0.02678001 -0.06638259
-0.02766769 0.99953916 -0.01248899
0.06601754 0.01429361 0.99771608
0.07824812
87
 0.129834
0.0197144
0.0337539
0.99741422 0.02390600 -0.06777444
-0.02388591 0.99971408 0.00110691
0.06778152 0.00051480 0.99770006
0.09656588
88
   0.1297
0.0194145
0.0337497
0.99789641 0.02214922 -0.06092751
-0.02272428 0.99970338 -0.00876154
0.06071537 0.01012765 0.99810374
0.06612178
89
 0.129667
0.0192482
0.0337533
0.99805053 0.02041755 -0.05897674
-0.02135341 0.99965519 -0.01528191
0.05864439 0.01651147 0.99814238
0.04373328
90
0.129544
0.018881
 0.03376
0.99820520 0.01976931 -0.05652919
-0.02065322 0.99967274 -0.01509502
0.05621227 0.01623543 0.99828683
0.04228699
91
 0.129385
0.0184372
0.0337982
0.99826142 0.02126489 -0.05497216
-0.02205526 0.99966135 -0.01381102
0.05465985 0.01499944 0.99839237
0.04890532
92
 0.129387
 0.017631
0.0338681
0.99821089 0.01908269 -0.05666453
-0.01950097 0.99978645 -0.00683796
0.05652194 0.00793074 0.99836986
0.06115490
93
 0.129427
0.0179892
 0.033848
0.99820467 0.01525321 -0.05792036
-0.01659475 0.99960341 -0.02275184
0.05755035 0.02367217 0.99806191
0.03031246
94
 0.129537
0.0182341
0.0338268
0.99813377 0.01299238 -0.05966717
-0.01472039 0.99948217 -0.02861312
0.05926452 0.02943805 0.99780816
0.02514213
95
 0.129864
0.0180137
0.0339066
0.99782373 0.01274559 -0.06469435
-0.01430734 0.99961591 -0.02373471
0.06436699 0.02460866 0.99762283
0.03539554
96
 0.129814
0.0176038
0.0338786
0.99808445 0.01341783 -0.06039368
-0.01457821 0.99971671 -0.01881425
0.06012412 0.01965864 0.99799731
0.04107336
97
 0.129776
0.0179145
0.0338371
0.99817405 0.01412190 -0.05872937
-0.01581498 0.99946969 -0.02846438
0.05829626 0.02934121 0.99786805
0.02255196
98
 0.129913
0.0182482
0.0338408
0.99808907 0.01131968 -0.06074605
-0.01335468 0.99935952 -0.03319940
0.06033133 0.03394720 0.99760098
0.04060727
99
 0.129807
0.0185328
0.0337881
0.99826354 0.01174316 -0.05772345
-0.01377126 0.99929720 -0.03486355
0.05727347 0.03559794 0.99772368
0.03750975
100
 0.129992
0.0185626
0.0337639
0.99800655 0.01628110 -0.06097420
-0.01824025 0.99933056 -0.03171316
0.06041705 0.03276213 0.99763542
0.03882273
