%YAML:1.0
---
ProjectionMat: !!opencv-matrix
   rows: 3
   cols: 4
   dt: d
   data: [920.6949462890625, 0, 348.0517667538334, 0, 0, 934.1571044921875, 177.8464786820405, 0, 0, 0, 1, 0]
LidarToCameraMat: !!opencv-matrix
   rows: 4
   cols: 4
   dt: d
   data: [-0.0601795, -0.998042, -0.0170758, 0.129992, -0.0317277, 0.0190107, -0.999316, 0.0185626, 0.997683, -0.0595965, -0.0328096, 0.0337639, 0, 0, 0, 1]
RotationAngleX: -2.5
RotationAngleY: 2.75
RotationAngleZ: 0



